0
15
16
13
12
14
13
12
13
10
13
20
14
12
20
14
12
12
14
13
28
14
16
16
15
11
14
16
13
12
16
16
14
18
13
12
18
14
13
16
74
10
16
13
14
17
37
17
69
16
14
16
17
12
20
13
12
8
38
18
15
14
15
45
12
17
15
11
46
22
21
40
12
15
12
11
18
14
36
16
16
16
24
15
20
12
24
10
18
16
18
12
33
18
25
37
34
24
14
14
14
15
17
45
38
15
45
13
16
13
13
22
12
12
14
14
47
15
15
13
15
14
18
35
21
14
15
11
14
14
13
13
11
16
16
12
12
14
18
13
12
13
13
17
44
13
40
15
12
16
13
14
13
12
15
12
14
13
12
11
12
16
15
15
10
15
15
15
15
15
16
12
13
11
18
14
15
17
11
14
15
13
13
14
16
37
14
14
16
14
11
15
13
12
17
12
14
11
14
14
14
15
30
15
13
27
13
13
13
15
14
13
12
14
12
14
14
11
16
13
14
14
24
12
32
15
14
12
14
13
13
14
15
17
16
14
35
16
16
17
16
40
24
66
14
15
14
13
46
16
14
37
32
17
41
13
12
14
14
14
14
12
14
14
13
26
14
13
13
13
12
16
28
12
16
12
27
13
48
12
15
25
52
13
34
15
11
11
16
10
13
17
19
17
11
13
13
11
39
13
27
12
11
31
14
12
13
10
11
11
15
12
13
11
17
12
14
13
19
44
45
56
38
12
11
12
14
17
11
36
13
13
31
15
15
17
19
14
13
13
11
12
14
13
12
15
13
12
12
11
15
15
14
12
16
11
11
14
13
11
12
13
12
16
13
13
11
32
13
12
12
13
12
14
13
13
14
12
12
14
29
15
8
18
12
13
12
12
15
13
13
15
12
14
12
12
40
71
13
15
14
12
11
17
11
26
19
15
14
36
15
16
12
13
33
16
20
49
12
12
12
15
12
11
11
13
12
14
10
16
14
14
15
16
14
33
11
12
19
14
39
39
13
14
11
9
12
14
12
12
13
16
15
13
13
13
12
17
13
12
12
17
46
13
42
11
11
13
13
13
14
13
11
13
11
12
14
14
12
39
15
18
13
29
15
15
13
14
14
17
13
15
34
14
20
40
13
46
12
11
11
11
11
13
11
12
11
13
11
12
12
11
11
12
12
13
11
14
13
13
10
12
13
11
14
12
11
47
12
16
16
63
14
56
14
17
57
20
18
14
14
12
11
12
11
14
13
12
20
17
14
14
11
13
14
13
14
11
32
15
14
17
14
11
12
12
12
11
11
13
16
14
14
16
15
13
11
13
14
12
12
13
14
12
13
53
14
13
13
13
13
15
14
12
14
39
23
14
27
14
17
17
13
12
14
41
17
12
12
10
11
12
13
11
12
37
71
24
23
56
12
11
12
13
12
15
11
13
12
14
36
15
20
19
12
13
14
70
18
13
13
12
12
18
42
14
14
11
11
11
12
12
12
19
13
23
14
14
17
12
17
17
13
14
13
14
16
15
15
12
72
56
17
16
21
62
14
43
34
53
13
16
12
15
12
11
13
12
14
18
15
32
12
33
29
69
57
21
34
27
14
13
15
12
20
15
12
12
12
11
13
14
15
15
12
14
13
33
19
46
14
27
12
12
53
15
26
32
28
10
37
33
15
14
14
14
12
13
11
12
11
11
11
14
13
15
12
13
17
14
14
12
14
16
15
35
13
12
26
31
13
24
14
17
14
15
14
22
18
13
13
13
16
12
11
12
14
11
16
15
15
12
12
13
11
19
14
11
14
14
15
12
19
12
23
15
57
11
14
29
21
12
13
13
13
14
13
12
13
13
13
15
13
13
12
15
15
13
16
13
10
14
20
17
51
41
13
18
17
18
16
12
13
16
16
12
11
15
13
12
16
15
17
12
14
15
14
20
28
45
39
37
12
14
57
47
30
21
38
13
34
53
13
14
13
35
11
47
16
13
11
13
14
13
15
13
13
13
14
15
15
15
14
12
13
13
15
20
15
14
21
35
31
24
31
22
13
12
12
12
11
12
14
13
11
13
11
13
13
14
14
12
14
11
12
11
10
12
11
11
15
13
11
11
13
17
13
19
11
12
14
16
15
12
11
15
10
14
11
11
24
26
35
12
40
15
19
14
12
26
36
32
14
13
13
12
12
14
13
15
12
24
55
28
39
15
17
16
18
14
12
29
57
50
36
14
15
19
16
15
26
39
33
17
12
12
16
12
14
12
24
15
13
15
14
14
15
14
14
17
15
49
38
77
14
17
19
23
44
21
32
14
58
31
32
34
21
17
12
16
16
14
15
15
10
43
33
12
25
45
34
16
53
41
36
37
12
15
14
14
12
15
18
36
24
30
39
31
36
39
23
46
34
20
14
14
14
12
15
15
11
13
41
15
13
19
46
32
16
15
18
35
42
22
12
14
10
12
16
13
12
12
18
30
40
13
15
20
40
15
15
18
15
13
14
15
21
17
54
71
17
14
12
13
12
12
11
13
66
28
22
22
33
51
31
24
41
38
14
15
19
24
21
12
11
13
12
11
12
15
13
12
15
13
44
56
13
10
12
12
13
12
12
62
32
44
36
34
24
14
15
15
19
18
48
113
16
14
24
37
52
44
54
28
40
54
56
27
24
42
66
44
42
33
14
13
16
16
15
48
33
35
32
22
37
31
26
15
52
13
15
15
15
15
67
41
29
34
21
33
32
14
12
15
19
16
49
13
12
16
25
18
26
20
22
30
28
15
14
15
11
13
18
41
24
40
29
13
15
13
21
25
20
32
39
48
38
35
46
15
13
13
15
16
12
12
15
33
19
17
12
29
31
51
22
32
12
34
38
28
30
34
39
23
49
55
16
50
14
13
29
32
53
23
29
14
14
14
30
27
50
27
28
13
14
17
16
18
34
12
60
11
39
18
40
52
13
13
14
13
13
13
14
16
21
34
23
53
47
35
19
13
10
14
28
76
15
16
14
15
15
13
13
52
43
46
32
49
14
13
14
38
19
35
36
14
17
12
15
12
21
33
13
14
34
24
35
34
37
44
68
29
26
29
36
14
14
13
37
50
13
17
59
28
24
45
69
16
27
24
15
15
14
39
22
13
16
15
14
63
29
54
38
30
42
64
41
33
37
32
47
36
43
40
39
42
26
51
36
30
23
25
33
47
51
17
15
14
68
53
51
43
59
44
15
61
33
31
16
16
31
32
18
52
27
58
60
44
39
29
48
22
36
45
38
39
15
16
23
32
33
40
17
42
28
31
16
15
15
14
16
14
15
37
52
54
43
34
31
27
43
11
40
35
41
37
11
31
49
45
56
34
33
35
39
40
60
13
16
15
13
16
37
25
28
33
37
54
41
30
14
46
15
15
16
19
31
59
28
14
14
48
25
46
42
34
43
30
14
16
15
17
15
14
35
28
44
56
42
37
16
16
14
32
36
63
32
64
64
36
29
25
13
35
46
37
41
14
13
18
33
26
46
58
38
18
15
18
35
33
46
31
44
34
46
16
15
13
14
28
16
15
14
30
48
31
58
31
34
27
32
35
37
15
13
15
16
17
17
13
13
14
12
13
14
13
23
32
46
49
60
66
31
31
60
43
15
15
15
14
14
43
39
37
33
45
13
13
55
51
31
24
34
38
32
43
29
15
16
21
30
41
29
51
18
35
35
39
31
29
42
35
45
22
46
33
39
45
41
15
17
68
29
31
32
41
41
52
15
34
57
58
51
40
40
33
17
31
29
67
13
17
26
16
68
98
20
33
31
36
35
57
49
41
61
30
64
52
32
59
61
64
30
48
55
64
49
20
21
23
21
81
41
46
31
41
48
55
40
61
71
14
17
61
20
90
48
45
30
45
43
69
32
43
18
19
27
49
39
49
26
74
58
42
61
89
69
90
45
21
24
21
24
19
24
36
32
15
55
42
74
99
60
56
38
53
32
69
46
39
49
46
37
39
41
15
41
35
26
17
17
22
18
34
74
48
39
40
47
61
51
95
16
15
39
29
18
27
19
15
24
48
37
45
52
29
36
33
55
14
18
23
59
24
19
18
24
14
25
21
20
28
26
28
32
56
45
49
39
33
65
59
14
27
17
19
24
20
27
23
19
24
20
23
68
59
37
66
40
71
22
18
19
14
38
37
50
39
17
23
18
19
19
26
75
61
51
63
20
17
32
22
31
66
42
53
104
28
36
39
27
34
85
20
21
17
31
39
43
58
31
37
16
30
53
39
36
47
59
66
21
25
28
23
39
55
60
44
55
55
74
72
56
33
27
20
34
24
34
23
49
41
49
37
30
42
99
56
62
30
31
62
54
32
24
55
42
36
17
22
21
39
127
30
57
65
39
43
61
58
56
37
36
49
29
30
80
40
47
54
22
18
20
25
20
44
75
40
62
35
19
49
11
16
22
31
61
43
44
51
40
46
54
23
18
28
17
18
24
17
30
29
36
33
71
36
90
44
53
23
23
17
28
21
17
17
19
19
40
60
17
34
23
35
22
21
24
52
55
28
54
26
99
65
48
25
28
12
20
21
25
31
28
22
16
66
49
45
61
41
76
20
18
18
16
22
13
32
25
19
61
48
30
83
41
85
40
20
19
23
28
20
31
23
20
19
68
53
29
34
48
69
39
62
58
21
16
25
22
44
61
60
50
13
48
80
18
24
16
22
15
29
13
20
14
19
35
43
39
11
37
53
66
32
28
18
20
14
21
17
33
49
77
50
43
43
60
46
22
24
17
22
17
25
29
42
61
36
30
56
40
57
52
55
53
20
39
25
23
19
20
17
23
20
23
54
26
61
35
34
48
19
17
21
39
30
21
51
39
35
51
42
52
24
48
85
61
36
39
30
49
44
52
50
57
33
17
19
19
20
60
14
35
49
48
41
60
64
30
38
36
12
21
27
53
63
64
64
74
60
28
71
19
22
52
37
54
46
59
77
11
20
28
32
53
51
68
51
60
15
74
56
60
52
30
22
40
39
68
36
47
52
17
24
44
73
60
94
40
70
47
18
21
21
27
20
27
33
53
47
47
42
98
110
23
22
25
16
16
33
23
25
25
22
24
65
43
51
34
31
14
42
51
57
75
27
21
22
33
31
21
39
34
69
45
70
37
33
42
21
27
15
25
64
53
43
44
69
21
55
23
17
21
62
20
34
39
62
64
87
30
23
14
16
17
22
21
61
48
36
77
88
56
27
36
50
37
48
51
23
69
37
21
50
62
28
56
45
35
51
41
54
35
43
43
37
35
46
25
18
37
18
20
24
21
23
21
25
25
57
46
59
71
74
75
34
28
25
18
25
21
21
24
34
87
50
40
48
65
83
22
20
19
31
35
31
53
49
68
58
36
31
48
52
46
63
45
64
50
44
47
16
15
57
22
22
13
32
38
34
52
35
20
37
27
34
72
13
57
35
39
59
55
35
20
23
57
33
40
47
58
22
19
28
17
22
14
16
18
20
64
54
15
49
69
10
26
21
23
37
19
29
20
62
44
30
25
64
69
45
17
15
15
15
26
23
28
39
20
32
36
53
46
43
44
54
42
42
14
18
15
14
15
19
25
27
17
26
24
55
63
73
25
21
23
18
22
24
23
55
46
53
38
124
48
66
48
38
33
28
41
40
45
41
54
25
72
78
43
77
56
72
18
14
27
21
22
40
19
15
18
14
27
43
37
57
46
34
36
38
26
23
48
55
38
67
59
45
25
24
19
21
20
22
65
57
60
57
57
24
13
50
49
38
27
41
48
55
20
30
30
20
21
19
59
50
40
36
32
51
37
45
15
14
14
24
30
50
74
57
37
59
62
11
21
23
18
28
27
57
60
52
59
26
40
13
19
18
17
15
15
22
58
48
39
52
84
38
65
28
20
31
22
42
47
34
57
20
24
52
49
16
15
23
21
29
31
12
20
68
100
38
71
39
46
63
46
59
101
41
39
47
51
50
37
17
15
14
15
14
15
23
30
29
49
50
55
21
50
29
54
52
48
15
21
25
49
48
21
19
16
18
24
21
36
53
44
51
61
65
36
22
23
18
57
15
15
14
21
54
47
62
113
79
49
34
39
56
41
17
13
21
126
29
21
49
52
67
43
50
42
50
53
59
42
53
34
42
38
55
54
50
42
16
67
32
64
49
42
38
51
92
73
66
14
15
74
33
55
22
37
19
34
39
111
29
15
82
32
39
68
47
51
20
57
35
71
41
33
60
57
61
18
80
49
10
26
25
18
17
15
16
19
13
41
53
44
54
30
45
41
57
48
15
14
22
55
48
11
35
34
25
18
20
27
44
60
42
22
16
15
16
15
15
59
46
13
14
59
46
91
55
43
44
38
41
27
59
42
54
72
79
65
35
13
40
53
54
15
39
64
43
44
69
23
27
58
68
73
65
16
18
42
49
40
33
45
47
56
36
42
53
48
38
27
38
49
44
49
81
64
66
48
13
15
36
53
51
40
52
52
14
73
57
65
49
40
33
41
43
70
48
14
44
40
24
66
39
61
27
36
30
66
67
53
44
67
97
42
103
93
43
53
84
61
39
35
73
43
56
37
61
50
49
43
73
51
51
14
18
27
77
37
57
58
45
63
17
56
48
52
85
65
69
58
62
40
45
55
56
38
68
32
16
21
16
44
46
43
69
59
47
22
53
43
44
40
53
45
74
47
60
21
29
37
65
35
74
43
55
15
40
45
47
20
20
49
64
52
30
66
60
36
32
21
22
23
37
64
55
49
84
20
31
35
71
66
56
46
53
64
70
23
65
46
17
63
53
69
48
38
48
61
40
45
47
53
12
87
38
48
74
34
41
74
71
34
36
60
13
64
95
57
43
64
48
72
46
62
14
39
52
100
64
49
59
52
33
56
47
50
84
66
56
27
38
49
93
59
99
46
25
119
52
43
23
32
84
54
54
31
21
21
19
56
70
48
70
42
43
52
52
56
42
53
36
89
94
48
31
42
102
48
50
40
49
38
65
49
44
63
53
66
40
60
55
57
89
53
56
59
46
38
46
38
52
45
37
38
37
42
58
65
39
57
71
69
69
43
36
43
55
23
24
56
55
37
50
62
41
75
51
72
42
56
46
67
29
60
48
39
42
64
46
37
68
73
51
37
50
43
41
57
55
49
13
49
73
48
21
67
22
39
82
54
64
41
36
20
22
30
26
66
36
34
60
47
47
14
43
46
52
68
70
25
32
27
30
30
29
25
27
43
32
28
32
46
24
29
51
42
35
37
46
